 1901    20.9    12.0    20.2    13.0    22.8    12.8    45.6    19.3    16.5     3.8     1.4     8.7    56.0    77.7    21.7    19.6   197.0
 1902     5.2     5.8    15.4    16.2    22.4    22.9    34.6    48.4    20.6     8.1     7.8     5.1    54.0   105.9    36.5    38.4   212.5
 1903    24.2     9.2    35.5    12.5    20.1     8.3    60.0    35.6    25.3     2.2     2.2     8.8    68.1   103.8    29.8    55.4   243.9
 1904    34.1    12.5    64.4    13.4    13.8     9.0    24.3    32.4    18.9     9.6     9.0     7.8    91.7    65.7    37.4    64.4   249.2
 1905    36.4    20.1    23.6    14.8    13.6     9.0    17.6    14.6    38.6     2.4     1.3    32.5    52.1    41.2    42.3    85.6   224.6
 1906     8.7    44.5    44.8    12.9    13.6    13.9    34.1    53.9    27.1     3.8     1.3    14.8    71.3   101.9    32.2    63.2   273.4
 1907    17.3    31.1    38.3    33.3     5.1    47.6    41.1    58.6     3.8     4.5     2.5     1.6    76.8   147.3    10.8    54.4   284.8
 1908    34.6    18.2     5.6    38.3    15.2    13.7    66.8   102.6    26.5     3.2     1.6    12.7    59.1   183.0    31.3    68.0   339.0
 1909    36.9    18.4    12.6    23.1     6.3    20.0   107.7    36.1    41.1     4.7     3.9    19.5    41.9   163.8    49.6    62.9   330.1
 1910    29.4    13.9    17.3    30.8    10.4    37.5    90.8    71.8     5.5     2.5     1.8     7.4    58.5   200.1     9.8    79.4   319.3
 1911    58.7    13.3    44.9    13.9     8.9     9.4    12.1    22.4    12.3     5.7    10.7     8.5    67.7    44.0    28.7    60.4   220.8
 1912    31.9    20.0     9.6    21.6    13.6    17.7    32.4    57.7     6.6     3.8     2.5     8.7    44.8   107.9    12.9    43.3   226.2
 1913    13.6    21.0    22.3    22.8     7.6    16.0    49.2    56.0    23.2     4.9     4.6    32.4    52.7   121.3    32.7   110.5   273.8
 1914    18.5    59.6    29.2    22.9    11.8    19.8    86.1    37.3    33.7    26.0    11.3    15.2    63.9   143.2    71.0    56.6   371.4
 1915     7.4    34.0    23.4    32.4     5.9    16.4    21.9    16.3    18.7    14.7     2.1     2.4    61.7    54.6    35.5    39.9   195.6
 1916    14.8    22.7    13.1    19.0    12.2    19.4    60.4    61.1    34.0     7.6     1.1     1.3    44.3   140.9    42.6    18.7   266.6
 1917    12.2     5.2    11.5    17.9    10.9    17.5    24.5   105.1    37.9    11.6     1.2    26.8    40.3   147.1    50.7    37.8   282.3
 1918     6.8     4.2    36.7    25.6     1.4    19.0    12.7    27.0    15.9     2.9     7.9    19.9    63.7    58.7    26.7    73.1   179.9
 1919    36.1    17.2    28.7    16.0     7.2     4.9    73.7    71.5    10.5     1.7     2.1    15.6    51.9   150.2    14.3    90.6   285.2
 1920    50.5    24.5    28.4    23.0    10.3    10.9    20.3    20.9    12.9     2.2     8.6     4.4    61.8    52.1    23.7    25.0   217.0
 1921    11.9     8.7    22.0    15.8     6.3    15.5    82.0    78.5    22.0     9.2     3.6    25.6    44.2   176.1    34.8    70.0   301.3
 1922    12.6    31.8    16.1    11.7    18.4    15.2    32.0    41.2    39.1     6.5     1.6    14.4    46.1    88.4    47.2    82.2   240.6
 1923    27.9    39.9    19.6    15.1    18.6     6.9    29.8   102.0     9.6    10.6     1.7    11.2    53.3   138.8    21.9    67.5   293.0
 1924    19.5    36.8    15.4    18.4    20.1     2.5    54.6    21.8    48.2     1.7     5.6    21.1    53.9    78.9    55.5    51.7   265.7
 1925    13.9    16.6     5.2     7.6    22.8    12.3    52.8    40.3    19.4    12.9     8.7     1.7    35.6   105.3    41.0    35.3   214.2
 1926    19.7    13.8    26.6    23.9    23.8     9.7    43.3    87.0    48.8     1.2     1.6    14.7    74.3   140.0    51.6    58.1   314.2
 1927    12.2    31.2    20.3    10.3     8.9    11.3    70.5    35.9    15.4     2.3     2.4    46.2    39.5   117.8    20.1    87.2   266.9
 1928    12.0    29.0    26.7    14.2     3.7     4.6    25.6    40.3    30.0     8.8     7.4    23.3    44.6    70.4    46.2    57.2   225.6
 1929    17.8    16.2     9.7    15.0     6.0    16.1    72.8   109.4     5.3     7.0    13.6    24.4    30.7   198.3    25.9    62.1   313.2
 1930    26.2    11.5    10.6    42.7     9.0    20.9    77.8    13.2    22.0     4.8     1.8     6.2    62.3   111.9    28.7    56.9   246.8
 1931    30.3    20.3    16.9    19.8    25.9     9.0    50.9    52.6    10.9    10.1     4.6     7.2    62.6   112.4    25.6    48.7   258.5
 1932    27.9    13.7    25.8    12.2    11.3    19.0    92.2    48.2     7.3     4.4     1.9    12.1    49.3   159.4    13.5    56.0   275.8
 1933    16.9    27.0    33.2    18.8     6.2    19.8    57.1    95.0    26.7     4.9     4.8     5.8    58.2   171.9    36.4    42.3   316.2
 1934    17.2    19.3    32.0    17.8    10.6    13.9    38.2    49.3    13.2     3.3     2.1    14.7    60.4   101.3    18.6    78.5   231.6
 1935    38.8    25.0    28.0    37.6    14.0    10.0    56.9    58.7    21.4     8.9     8.7     5.7    79.6   125.5    39.1    62.4   313.7
 1936    12.2    44.5    38.0    19.4     5.3    24.1    33.9    34.6    15.6     6.0     8.4    18.7    62.7    92.7    30.0    80.3   260.9
 1937    18.1    43.5    21.3    29.2     9.5     6.3    91.4     8.6    18.0    10.9     2.8    18.8    60.0   106.3    31.8    65.1   278.5
 1938    26.9    19.3    20.1    14.9     3.3    26.1    36.1    42.8     5.7     4.9     2.5    12.9    38.3   105.0    13.0    75.1   215.5
 1939    15.2    47.0    48.7    11.8     7.0     9.4    30.8    25.0     6.0    10.6     2.5     4.3    67.4    65.3    19.1    54.9   218.2
 1940    29.5    21.1    29.9    17.5     7.4    35.3    27.0    54.6    11.6     4.3     3.5     5.1    54.8   116.9    19.5    30.2   246.8
 1941    14.2    10.9    26.1    21.3    14.6    12.2    47.2    32.1    27.9     3.1     5.2    18.2    62.0    91.5    36.1   106.8   233.0
 1942    23.7    65.0    11.9    17.8    17.4    11.6    94.3    52.4    20.6     4.6     6.9    13.9    47.1   158.3    32.1    44.8   340.1
 1943    22.8     8.1    22.8    27.4    13.7    11.4    60.9    32.8    14.1     2.5     3.2     7.3    63.8   105.1    19.8    76.2   226.8
 1944    28.4    40.6    30.0    29.2     9.1    13.2    64.7   114.5    17.5     5.4     8.1    12.7    68.3   192.3    31.0    62.2   373.3
 1945    33.4    16.1    27.4    29.1    16.7    23.3    56.0    50.2    21.2     6.5     4.5     7.5    73.3   129.6    32.3    48.3   292.1
 1946    12.2    28.6    15.1     3.4     6.5    11.2    35.2    51.4     6.9     8.9     6.3    12.4    25.0    97.8    22.2    44.6   198.2
 1947    12.6    19.7    16.1     7.2    11.2    12.1    26.7    56.5    19.7     7.9     3.6    17.8    34.5    95.4    31.2    59.6   211.1
 1948     5.6    36.2    40.9    22.0     8.1    22.2    90.9    38.0     9.0     2.7     1.7    21.6    71.0   151.1    13.4    65.1   298.9
 1949    19.2    24.3    30.8    10.9    11.4    20.9    39.5    41.0    16.2     5.1     2.6     6.3    53.0   101.4    23.9    66.9   228.1
 1950    41.5    19.1    24.7    28.5    15.3     8.2    73.6    54.6    45.2     1.6     5.0     1.5    68.5   136.4    51.8    45.3   318.9
 1951    20.4    23.4    36.3    16.9    18.2    18.6    26.3    57.5     7.4     7.0     5.9     5.0    71.4   102.4    20.3    57.0   242.9
 1952    21.8    30.2    22.6    15.2     8.1    14.2    54.0    33.1     6.7     2.5     2.4    18.6    45.9   101.4    11.6    60.9   229.5
 1953    20.8    21.5    25.0    18.2    11.7    19.4    52.9    74.4    27.7    11.7     3.9    13.9    54.9   146.8    43.3   121.9   301.2
 1954    45.7    62.3    22.1    15.9    15.6    10.7    25.3    23.8    35.2     8.7     6.0     3.5    53.5    59.8    49.9    41.5   274.6
 1955    27.6    10.4    48.7    10.3    24.9     7.3    29.2    90.8    33.3     5.8     1.9    16.1    84.0   127.3    40.9    60.9   306.3
 1956    29.5    15.3    59.2    27.3     2.2    33.7   102.0    82.7    10.7    20.7     2.1    13.8    88.7   218.4    33.4    86.7   399.1
 1957    54.5    18.5    35.4    47.4    23.1    18.2    24.0    51.9     5.4    12.9    23.6    25.5   105.9    94.1    41.9    59.4   340.3
 1958    25.6     8.2    17.7    13.8    12.8     8.3    52.4    32.6    37.0     4.2     8.0    45.8    44.2    93.3    49.2   115.1   266.5
 1959    32.6    36.7    26.8    20.5    31.1     7.8   107.8    44.5    20.3     8.0    14.2    12.2    78.5   160.1    42.5    34.7   362.6
 1960    12.2    10.3    41.4    30.5    18.4    12.0    64.7    46.1    14.6     1.5     5.7    25.4    90.3   122.8    21.8    77.9   282.8
 1961    32.0    20.6    13.9    41.7     9.1    26.0    96.1    50.3    42.0    10.3     7.5    12.0    64.6   172.4    59.7    37.5   361.2
 1962     8.0    17.5    24.2    26.2    14.8    12.6    41.5    54.3    45.1     2.1    11.9    26.2    65.2   108.4    59.1    40.0   284.4
 1963     0.5    13.4    43.4    30.6    26.0     6.9    22.6    31.1    14.5     3.9    14.9    14.7   100.0    60.6    33.4    73.6   222.5
 1964    41.1    17.8    17.6    27.5    13.0    26.8    84.6    67.8    16.5     3.0     1.9    16.0    58.2   179.2    21.5    62.5   333.7
 1965    23.3    23.3    22.0    50.3    21.9     4.9    65.1    27.0     5.7     6.5     9.7    11.2    94.2    97.0    21.9    60.6   270.9
 1966     1.5    47.9    37.2    30.9    18.3    16.0    45.9    37.4    28.6    19.9     2.0     3.6    86.4    99.3    50.6    38.7   289.3
 1967     3.5    31.5    55.0    21.6    21.1     9.3    51.7    82.1    22.9    11.1     8.1    35.5    97.6   143.1    42.1    87.4   353.3
 1968    23.3    28.7    21.2    17.3    15.2     9.2    30.2    42.4     1.7     8.8     6.4    15.2    53.7    81.7    16.9    53.4   219.5
 1969    12.2    26.1    20.7    38.6    20.0     8.8    60.4    19.7    11.5    12.6     3.6     1.9    79.3    89.0    27.7    50.5   236.2
 1970    29.5    19.0    29.0    13.8     9.6    18.0    47.7    81.9    45.8    10.4     0.9     3.6    52.4   147.6    57.1    25.2   309.2
 1971     5.0    16.5     6.8    16.2    14.9    22.0    48.1    51.7    13.3     2.5     3.7     7.1    38.0   121.8    19.5    67.9   207.9
 1972    34.2    26.6    39.6    23.1    20.1    23.8    38.4    41.6    16.6     9.1     6.8    20.8    82.9   103.7    32.4    67.8   300.5
 1973    26.8    20.2    35.3    21.2    17.8     5.9    90.9    68.3    17.0     4.4     0.8    16.9    74.2   165.1    22.2    74.9   325.5
 1974    21.4    36.5    21.1    14.1    15.1    20.4    43.8    22.6    11.7     2.7     1.4    18.6    50.3    86.8    15.8    72.6   229.6
 1975    25.4    28.6    36.7    20.5    19.6    24.4    68.8    95.9    36.3     3.1     2.2     7.8    76.8   189.1    41.6    84.5   369.3
 1976    26.7    49.9    48.2    20.4     8.3    20.8    73.9    74.1    44.3    11.2     2.0     3.2    76.9   168.8    57.5    50.3   383.2
 1977    42.8     4.2     4.1    26.4    13.0    26.8    70.1    37.8    30.6    12.0    11.1    15.7    43.5   134.7    53.7    56.3   294.7
 1978    22.2    18.3    43.2    15.0     9.1    20.7   122.6    76.4    16.9     1.8    20.4     4.8    67.3   219.8    39.1    67.0   371.5
 1979    21.2    40.9    49.5    18.3    20.8    14.2    26.0    67.2    20.5     5.3    15.4    27.0    88.6   107.4    41.2    77.4   326.3
 1980    20.3    30.1    42.1     9.7    11.2    25.4    66.4    37.3    20.4    10.6     9.7    10.6    63.0   129.1    40.7    73.3   293.7
 1981    31.6    31.1    67.0    28.5    18.1    12.4   101.2    33.0     6.3     9.4     8.4     3.1   113.7   146.6    24.2    68.3   350.3
 1982    24.8    40.4    61.0    17.8    28.2     6.7    20.7    58.9     6.5    16.3    19.1    26.9   107.0    86.3    41.9    80.0   327.2
 1983    23.0    30.1    40.6    31.5    24.4    17.2    61.5    92.0    21.1     7.6     2.2     9.7    96.5   170.7    30.9    34.0   360.9
 1984     6.2    18.2    29.1    26.2    12.0    11.8    73.9    85.4    25.0     1.4     6.1    14.2    67.2   171.1    32.6    36.5   309.4
 1985    17.5     4.8    12.9    29.2    13.6    10.1    52.1    52.9     4.8     9.6     2.3    33.2    55.7   115.0    16.6    76.6   242.8
 1986     4.7    38.7    36.7    26.7    14.4    22.6    50.9    86.7    10.9     2.8    10.8    16.5    77.7   160.2    24.4    59.2   322.2
 1987    10.1    32.6    44.2    19.9    28.0    23.7    23.6    24.7     4.9    20.2     0.9     6.2    92.1    72.0    26.0    45.1   239.0
 1988    20.4    18.5    48.3    10.6     3.9    20.5   103.9    67.7    29.5     5.0     1.5    18.7    62.8   192.1    36.0    46.0   348.4
 1989    15.1    12.3    36.8    12.7    15.6    15.9   110.3    49.6    14.2     5.7     8.4    17.7    65.1   175.9    28.2    97.4   314.3
 1990    33.4    46.3    34.7    19.2    12.1    10.3    33.9    78.8    40.2     3.2     5.8    30.0    66.0   123.1    49.2    83.2   347.9
 1991    16.9    36.4    38.1    25.8    21.4    12.8    23.3    26.7    22.1     3.7     3.6    10.7    85.4    62.9    29.4    89.2   241.7
 1992    49.6    28.8    36.9    31.6    17.5     7.9    40.3    61.8    36.7     8.6     6.3    15.5    86.1   110.0    51.7    65.9   341.8
 1993    34.8    15.6    27.1    12.0    11.7    13.4    69.0    10.9    23.1     2.4     6.0     2.1    50.7    93.3    31.4    55.1   228.0
 1994    24.1    28.8    26.2    22.2    18.0    18.9    96.7    67.6    42.4     7.0     2.1    30.0    66.4   183.2    51.5    70.6   384.1
 1995    12.4    28.2    28.7    33.3     9.4    13.0    89.7    62.8    20.7    15.8     6.0    13.8    71.5   165.5    42.4    83.9   333.9
 1996    28.7    41.4    51.2    22.7    29.0    40.3    41.1    59.0    12.3    13.2     4.5     5.4   102.9   140.3    30.0    34.4   348.7
 1997    23.0     6.0    36.5    36.1    17.4    32.2    54.7    89.2    13.3     6.4    11.3    14.1    89.9   176.1    31.0    80.4   340.2
 1998    28.0    38.2    35.1    33.9    23.5    26.0    47.9    32.3    26.9     9.7     0.9     3.5    92.5   106.2    37.5    69.7   305.9
 1999    34.2    32.1    22.9    19.6    11.5    12.5    34.8    60.7    17.5     3.8    11.3     0.8    54.1   108.1    32.6    35.0   261.7
 2000    19.8    14.4     9.6     3.2    10.4    17.1    44.6    34.5    18.6     3.0     2.0     7.9    23.3    96.2    23.5  -999.0   185.2
