
0 521	187340 192 21	 0	
1 509	201144 236 23	 1	0:242.8	
2 127	49300 392 22	 0	
3 93	45356 130 28	 0	
4 110	61132 471 32	 0	
5 697	380596 555 32	 0	
6 154	86768 166 33	 0	
7 2061	1053048 286 30	 1	1:881.5	
8 297	181424 130 36	 0	
9 204	126208 642 36	 0	
10 86	61132 412 41	 0	
11 105	70992 495 39	 0	
12 113	74936 512 39	 1	5:135.1	
13 84	61132 64 42	 0	
14 760	526524 596 41	 1	5:807.4	
15 109	78880 37 42	 0	
16 109	78880 50 42	 2	15:470.8	13:350.2	
17 202	140012 537 41	 2	5:1677.2	12:78.1	
18 275	220864 260 48	 2	1:60.3	7:1821.2	
19 93	69020 427 44	 1	10:296.5	
20 149	110432 703 44	 0	
21 56	41412 461 44	 0	
22 84	63104 477 44	 1	21:95.6	
23 69	53244 486 45	 2	22:358.7	11:268.9	
24 74	57188 396 46	 1	10:95.3	
25 311	246500 521 47	 2	12:1105.1	17:1116.9	
26 197	159732 179 48	 1	6:221.9	
27 76	55216 391 43	 2	24:971.9	10:26.8	
28 114	90712 409 47	 2	10:891.6	24:476.1	
29 117	92684 451 47	 1	21:179.9	
30 159	126208 560 47	 2	5:837.5	14:340.6	
31 259	220864 58 51	 3	16:953.8	13:702.2	15:238.4	
32 583	469336 148 48	 3	8:743.2	6:13.0	26:724.8	
33 66	53244 382 48	 2	27:581.2	24:140.5	
34 1133	926840 665 49	 2	9:1363.6	20:418.7	
35 88	70992 8 47	 0	
36 49	39440 31 48	 1	15:207.3	
37 324	266220 79 49	 2	13:389.5	31:925.9	
38 591	427924 207 43	 1	26:332.3	
39 80	67048 318 49	 0	
40 58	49300 416 49	 3	10:195.4	19:253.8	28:329.8	
41 156	130152 471 50	 4	22:872.5	21:869.2	23:14.2	29:285.1	
42 145	120292 546 49	 4	5:260.9	17:730.5	30:555.5	25:256.3	
43 159	140012 128 53	 1	32:1248.0	
44 72	61132 434 51	 2	29:358.0	19:14.1	
45 438	366792 627 50	 3	14:1326.2	9:457.4	34:1265.9	
46 342	276080 102 48	 2	37:727.7	32:425.9	
47 77	67048 112 52	 2	46:926.7	43:429.1	
48 69	61132 387 53	 2	24:446.1	33:523.5	
49 179	155788 703 52	 2	20:1248.0	34:377.7	
50 87	76908 449 53	 3	29:897.1	44:206.0	41:117.2	
51 45	41412 374 54	 2	33:396.5	48:300.5	
52 87	78880 422 54	 3	40:800.1	44:207.4	28:87.5	
53 187	161704 496 52	 5	11:97.0	23:872.1	25:489.3	41:276.9	22:14.2	
54 121	110432 406 55	 2	28:628.0	52:286.5	
55 86	78880 476 55	 2	41:991.1	53:343.2	
56 153	138040 591 54	 1	14:1394.9	
57 40	39440 57 57	 1	31:863.6	
58 64	61132 205 57	 0	
59 273	250444 525 55	 3	25:2074.7	53:283.5	42:265.9	
60 62	59160 679 57	 2	34:580.0	49:271.8	
61 228	212976 41 56	 4	31:1613.7	15:28.7	36:250.5	57:46.5	
62 98	92684 146 57	 2	32:1019.9	43:332.4	
63 85	80852 370 57	 2	51:535.3	33:14.8	
64 69	65076 546 56	 3	42:773.7	30:147.2	59:91.5	
65 64	63104 132 59	 1	43:564.9	
66 229	212976 568 56	 3	14:482.9	30:1100.1	64:336.6	
67 75	76908 111 62	 2	47:599.9	46:120.9	
68 125	122264 465 59	 3	41:646.7	50:213.5	55:430.9	
69 556	573852 615 63	 3	14:248.4	56:808.1	45:2091.5	
70 83	80852 120 59	 4	43:502.3	47:212.5	67:505.9	65:281.8	
71 122	120292 160 60	 2	32:1031.1	62:326.3	
72 78	78880 211 61	 1	58:752.5	
73 41	41412 373 59	 3	51:419.3	63:579.3	48:107.7	
74 43	43384 382 59	 2	48:415.3	73:143.0	
75 232	228752 447 60	 4	44:726.5	50:1161.5	52:292.2	68:548.4	
76 52	53244 473 61	 2	55:560.6	68:158.2	
77 59	59160 482 60	 3	55:309.8	76:397.9	53:244.3	
78 45	45356 487 59	 2	53:489.2	77:396.3	
79 61	61132 497 60	 3	53:503.8	78:348.7	59:108.4	
80 83	84796 510 61	 2	59:918.2	79:349.9	
81 253	254388 585 61	 4	14:304.7	66:622.1	56:1126.9	69:478.8	
82 69	72964 44 63	 1	61:804.3	
83 107	108460 544 61	 3	59:497.0	64:1032.0	66:233.8	
84 283	301716 428 65	 3	54:204.3	52:423.6	75:1040.9	
85 312	313548 94 61	 3	37:1282.8	46:1157.2	67:924.0	
86 99	104516 148 64	 4	43:46.6	65:79.9	62:822.2	71:575.0	
87 88	94656 570 65	 2	81:919.2	66:664.6	
88 53	57188 121 65	 3	65:96.4	70:784.7	67:113.5	
89 39	41412 129 64	 2	65:623.9	88:245.4	
90 44	47328 166 64	 1	71:417.3	
91 45	49300 343 65	 0	
92 62	67048 380 65	 2	73:129.3	74:436.4	
93 103	112404 672 66	 1	60:191.8	
94 52	57188 137 66	 3	65:209.8	86:508.8	89:312.3	
95 52	59160 119 69	 2	67:230.1	88:749.0	
96 104	110432 405 65	 1	84:473.0	
97 42	45356 203 65	 2	58:191.3	72:549.6	
98 225	246500 224 67	 2	72:697.7	97:49.5	
99 100	110432 553 68	 1	83:699.5	
100 63	72964 130 70	 4	89:483.0	88:267.5	95:338.8	94:386.4	
101 70	78880 160 69	 3	90:398.2	71:357.3	86:330.3	
102 367	410176 535 69	 4	59:1067.3	80:376.0	83:913.8	99:300.0	
103 134	151844 182 70	 1	90:199.4	
104 111	124236 563 68	 4	66:607.5	83:65.3	99:800.2	87:662.5	
105 37	43384 584 70	 2	69:431.4	81:181.4	
106 119	138040 147 71	 4	86:748.7	94:638.6	100:153.2	101:422.7	
107 114	136068 238 74	 1	98:338.2	
108 44	51272 348 71	 1	91:218.5	
109 72	82824 403 71	 1	96:1030.8	
110 63	72964 415 70	 3	84:800.2	96:166.5	109:288.8	
111 398	457504 457 71	 3	75:1420.4	84:832.0	68:602.9	
112 301	354960 520 73	 3	79:264.0	80:795.6	102:2151.8	
113 73	84796 583 71	 2	81:1036.2	105:307.5	
114 258	307632 110 74	 3	85:1506.8	67:316.1	95:34.1	
115 54	63104 168 72	 3	90:318.2	101:474.3	103:373.2	
116 39	45356 386 71	 1	109:68.0	
117 116	136068 613 73	 1	69:1543.2	
118 61	72964 122 74	 4	114:1382.3	95:1178.4	67:16.7	100:188.7	
119 88	102544 209 72	 2	98:756.4	97:670.0	
120 52	61132 337 72	 1	91:16.8	
121 55	67048 227 75	 2	98:629.1	107:590.4	
122 111	132124 374 74	 1	92:303.2	
123 49	59160 380 73	 3	122:311.6	92:16.9	116:361.5	
124 80	96628 425 74	 2	84:690.9	110:412.7	
125 48	55216 660 71	 1	93:686.3	
126 36	43384 173 74	 2	103:461.5	115:223.9	
127 61	74936 186 75	 2	103:979.1	126:313.9	
128 43	51272 201 74	 1	119:858.3	
129 50	61132 429 76	 3	111:292.7	84:50.7	124:644.9	
130 190	238612 510 79	 1	112:1622.4	
131 197	244528 553 78	 2	102:841.1	99:1112.5	
132 85	104516 146 77	 1	106:1019.6	
133 46	57188 219 75	 3	98:495.6	119:277.6	121:403.5	
134 85	108460 441 79	 2	111:939.9	129:512.5	
135 554	650760 490 73	 8	68:376.9	111:954.5	76:778.7	77:659.4	78:379.6	79:329.7	130:993.4	112:394.5	
136 108	132124 575 76	 4	87:203.3	81:183.4	104:17.1	113:328.0	
137 52	63104 582 75	 3	113:723.6	136:174.5	105:172.7	
138 71	86768 596 75	 4	69:335.4	105:501.7	117:276.8	137:244.3	
139 64	78880 132 77	 4	100:414.8	118:575.0	106:242.1	132:122.8	
140 125	155788 159 78	 4	101:120.5	106:468.2	115:330.1	132:404.6	
141 36	45356 195 77	 2	127:123.5	128:332.6	
142 91	114376 395 78	 3	109:520.3	116:712.9	123:175.5	
143 39	49300 105 79	 1	114:998.7	
144 47	59160 212 78	 3	119:574.3	128:227.5	133:389.1	
145 47	59160 524 78	 2	102:1102.6	112:366.5	
146 84	106488 382 80	 3	123:598.0	122:473.2	142:230.9	
147 201	252416 412 79	 4	109:901.6	142:460.8	110:503.7	124:386.1	
148 170	216920 464 80	 3	111:1688.4	135:804.9	134:464.4	
149 64	80852 602 78	 2	117:663.0	138:352.5	
150 183	228752 633 78	 2	69:573.6	117:417.6	
151 66	82824 173 79	 4	115:313.2	126:718.9	140:247.5	127:17.6	
152 29	37468 121 80	 3	118:282.1	114:704.8	139:71.1	
153 74	94656 188 80	 4	127:1009.1	141:338.5	151:106.8	126:17.6	
154 36	45356 200 79	 3	141:408.2	128:280.1	144:159.7	
155 57	74936 243 82	 1	107:123.9	
156 80	102544 371 81	 2	122:1001.8	146:303.5	
157 119	155788 615 83	 3	117:545.8	149:771.0	150:393.5	
158 229	299744 362 83	 2	108:878.9	156:1259.7	
159 41	55216 160 83	 1	140:684.0	
160 50	67048 168 83	 3	159:476.6	140:125.9	151:666.4	
161 117	155788 207 84	 4	144:881.6	154:899.8	141:251.9	153:289.0	
162 53	70992 221 83	 3	133:143.7	144:126.1	161:164.4	
163 110	143956 424 83	 3	124:567.4	147:644.5	129:231.2	
164 32	43384 483 83	 1	135:728.7	
165 90	118320 540 83	 3	102:627.2	131:536.2	145:269.0	
166 205	266220 567 82	 4	104:573.3	99:138.5	131:1514.4	136:1207.2	
167 57	76908 621 84	 2	150:865.1	157:565.1	
168 31	41412 186 84	 2	153:488.1	161:200.9	
169 42	57188 347 84	 1	158:676.0	
170 45	59160 385 83	 2	146:790.5	142:609.5	
171 52	69020 448 83	 1	148:1100.3	
172 54	72964 513 85	 2	130:379.0	112:586.6	
173 42	57188 528 84	 3	165:914.5	145:180.9	112:53.4	
174 86	116348 434 86	 3	129:304.9	134:598.1	163:492.5	
175 31	41412 489 83	 3	135:194.8	164:275.1	130:395.9	
176 255	341156 592 85	 5	136:483.0	137:964.1	166:326.8	138:661.7	149:270.4	
177 32	43384 371 84	 3	156:562.8	146:869.1	170:127.9	
178 38	51272 389 85	 2	170:529.2	142:144.4	
179 90	120292 480 85	 3	135:938.5	148:524.0	164:128.4	
180 387	540328 144 90	 4	132:1213.2	139:652.3	140:617.7	159:222.2	
181 34	45356 173 85	 2	160:365.7	151:18.0	
182 44	61132 227 87	 1	162:350.9	
183 64	86768 400 86	 3	142:253.0	178:514.9	147:740.6	
184 48	65076 408 86	 3	147:794.8	183:313.0	163:127.7	
185 58	78880 443 86	 4	134:399.3	148:72.6	171:623.1	174:128.9	
186 41	55216 502 86	 3	130:883.7	175:238.1	172:440.7	
187 41	55216 541 85	 2	131:917.1	165:547.2	
188 98	136068 114 88	 3	114:771.8	143:382.3	152:183.0	
189 87	120292 130 88	 3	139:289.2	152:292.5	180:1323.3	
190 52	72964 215 88	 3	161:462.2	162:499.9	182:37.4	
191 107	145928 466 87	 3	148:1071.6	171:55.0	179:275.6	
192 59	80852 490 88	 4	164:719.9	179:312.7	175:367.8	186:36.9	
193 98	136068 528 89	 3	112:787.6	173:648.9	172:906.7	
194 90	126208 574 90	 2	166:955.3	176:592.2	
195 239	337212 613 91	 4	176:926.7	149:292.4	157:1640.8	167:315.8	
196 56	76908 200 88	 2	161:1066.5	168:55.2	
197 54	76908 209 90	 3	161:408.3	190:639.2	196:430.1	
198 35	49300 380 87	 4	170:756.3	146:54.9	178:74.3	177:18.6	
199 70	98600 439 91	 2	185:818.5	174:891.8	
200 39	55216 627 91	 0	
201 103	143956 173 90	 4	159:129.6	160:536.5	181:942.3	168:55.5	
202 33	45356 366 87	 3	177:646.6	156:236.8	158:347.9	
203 38	53244 550 88	 2	166:716.3	131:18.2	
204 58	82824 562 91	 3	166:350.7	203:451.3	194:827.6	
205 102	143956 119 91	 3	152:477.8	188:1496.6	189:579.3	
206 96	138040 484 92	 2	179:670.3	192:637.0	
207 53	74936 495 90	 3	192:1119.3	186:297.2	206:113.3	
208 33	47328 499 90	 3	186:391.5	172:279.9	207:339.6	
209 96	140012 356 94	 2	158:1134.1	169:413.0	
210 35	49300 385 90	 2	178:371.3	198:900.7	
211 43	61132 402 92	 2	183:428.5	184:242.2	
212 42	59160 514 91	 3	172:334.3	208:113.1	193:860.1	
213 109	155788 547 92	 7	173:224.1	193:375.3	165:648.1	187:577.4	131:54.8	203:451.4	166:18.5	
214 64	92684 189 92	 1	196:75.1	
215 83	122264 382 96	 2	177:56.4	202:471.6	
216 54	76908 397 92	 4	178:242.0	210:263.4	183:503.3	211:509.2	
217 39	55216 594 91	 1	195:1447.4	
218 94	136068 153 93	 2	180:1772.2	159:299.0	
219 33	47328 333 93	 0	
220 177	260304 472 96	 2	191:1166.8	206:934.3	
221 30	43384 503 92	 2	208:702.1	212:528.9	
222 124	181424 585 95	 4	176:1178.5	194:832.7	195:360.1	204:76.0	
223 66	98600 166 96	 1	201:931.4	
224 119	177480 178 98	 3	201:494.0	214:364.2	223:1120.4	
225 53	76908 200 94	 3	196:338.2	214:209.4	197:189.6	
226 26	37468 514 93	 2	212:245.4	193:225.7	
227 32	47328 206 93	 2	197:723.9	225:248.8	
228 47	69020 344 94	 2	219:381.0	209:612.1	
229 35	51272 491 93	 2	207:796.7	208:437.8	
230 69	102544 548 97	 1	213:1183.5	
231 68	100572 598 97	 3	195:532.1	222:191.8	217:779.9	
232 106	157760 129 97	 3	205:399.8	189:681.9	180:759.4	
233 77	112404 159 95	 4	201:453.6	159:56.2	218:1372.6	223:518.8	
234 68	102544 195 98	 4	225:827.0	214:230.7	224:271.1	227:19.3	
235 31	45356 388 95	 2	216:417.9	210:246.3	
236 71	106488 491 97	 4	206:651.5	207:152.7	229:924.0	220:57.8	
237 30	45356 495 95	 4	229:424.4	208:153.5	236:135.8	221:269.2	
238 150	226780 564 99	 5	203:228.9	213:191.7	204:900.9	230:658.2	222:154.3	
239 114	173536 122 101	 2	205:746.7	232:1338.5	
240 117	175508 442 98	 1	199:1182.1	
241 83	124236 537 97	 4	193:455.7	226:498.2	213:841.4	230:386.2	
242 155	234668 425 100	 2	211:57.5	240:271.7	
243 41	61132 471 98	 2	220:1173.7	236:58.0	
244 224	341156 522 101	 5	221:577.9	212:440.2	237:603.8	226:635.1	241:330.3	
245 41	61132 580 98	 2	222:634.1	231:134.9	
246 33	49300 136 98	 2	180:1330.3	232:173.8	
247 32	49300 111 99	 3	188:114.8	205:364.9	239:547.9	
248 32	49300 147 100	 3	218:386.5	180:459.7	233:271.1	
249 32	49300 155 99	 2	233:716.5	223:292.1	
250 57	86768 339 100	 2	228:309.3	219:480.5	
251 39	59160 344 100	 3	228:289.8	250:350.8	209:462.8	
252 33	51272 392 100	 2	235:446.6	216:289.3	
253 47	72964 406 101	 2	211:327.7	242:391.6	
254 40	61132 623 100	 1	200:19.2	
255 29	45356 408 102	 2	242:941.5	253:493.4	
256 42	65076 433 103	 2	240:995.7	242:313.1	
257 61	94656 480 103	 2	243:741.1	236:390.6	
258 68	104516 500 102	 3	237:390.4	236:448.1	244:528.1	
259 29	45356 523 100	 2	241:645.4	244:137.5	
260 41	63104 541 101	 2	230:913.9	238:234.3	
261 56	88740 584 104	 1	245:411.7	
262 32	49300 340 102	 3	209:116.2	251:918.8	250:332.6	
263 72	110432 447 101	 3	240:1226.8	199:19.2	256:196.3	
264 94	147900 469 104	 3	220:799.7	243:508.8	257:197.6	
265 32	51272 149 103	 3	248:614.4	233:58.7	249:277.5	
266 180	280024 575 104	 4	222:1301.4	245:487.9	261:257.6	238:1037.8	
267 29	45356 114 104	 2	247:334.9	239:451.7	
268 63	100572 134 106	 4	246:432.3	232:451.6	180:19.3	239:394.9	
269 30	47328 155 104	 2	249:533.0	265:358.9	
270 262	408204 187 104	 7	227:272.8	234:1840.2	225:19.4	224:1991.3	223:332.0	269:138.6	249:59.0	
271 29	47328 416 106	 2	242:555.2	255:219.9	
272 31	49300 444 104	 2	263:533.5	264:119.3	
273 32	49300 481 102	 2	236:370.4	257:412.9	
274 37	57188 535 103	 4	241:156.0	259:354.9	230:58.4	260:687.3	
275 50	78880 602 104	 1	231:508.1	
276 32	51272 159 106	 2	270:457.1	269:578.2	
277 46	72964 366 105	 0	
278 55	86768 430 106	 3	242:353.8	256:869.9	271:560.8	
279 45	72964 472 107	 2	264:519.6	257:358.5	
280 43	67048 490 103	 3	236:371.5	273:590.5	258:1042.7	
281 30	47328 543 104	 3	260:118.4	238:589.5	266:336.4	
282 35	55216 142 105	 5	180:481.8	268:278.9	246:19.6	248:177.7	265:79.7	
283 34	55216 182 106	 1	270:957.2	
284 24	39440 191 105	 1	270:840.1	
285 26	41412 196 105	 2	270:277.8	284:462.6	
286 27	43384 174 105	 2	270:477.3	283:321.5	
287 33	53244 440 108	 2	263:238.0	272:340.2	
288 39	63104 619 106	 1	254:694.0	
289 28	45356 119 106	 2	239:614.3	267:339.1	
290 42	69020 139 109	 2	268:664.1	282:581.9	
291 30	49300 146 108	 4	265:523.7	282:401.3	290:223.0	269:60.2	
292 65	104516 170 109	 3	270:835.5	276:240.4	286:461.1	
293 30	49300 353 107	 1	277:180.8	
294 46	74936 479 108	 3	257:658.0	279:665.2	273:179.1	
295 28	45356 477 106	 3	294:886.7	273:218.6	280:199.3	
296 41	67048 498 108	 2	258:378.3	280:219.8	
297 32	53244 548 109	 2	266:581.7	281:281.8	
298 28	45356 554 107	 1	266:836.7	
299 49	78880 575 108	 2	266:477.4	261:319.7	
300 28	45356 571 107	 2	261:540.4	299:522.4	
301 32	51272 124 106	 3	239:237.1	289:602.1	268:379.9	
302 44	72964 341 110	 1	262:60.0	
303 43	69020 352 107	 2	293:826.2	302:40.4	
304 55	90712 366 110	 2	277:1106.0	293:446.3	
305 31	51272 434 108	 3	263:139.7	256:360.1	287:485.0	
306 27	43384 442 108	 2	272:419.8	287:300.9	
307 36	59160 467 111	 1	279:747.4	
308 41	67048 497 111	 2	280:519.5	296:889.7	
309 598	984028 535 113	 8	244:2188.8	259:681.0	274:1118.3	308:324.0	296:729.0	258:239.3	260:219.4	281:381.3	
310 35	57188 564 109	 3	299:644.4	266:459.2	298:363.0	
311 33	53244 579 109	 2	261:140.0	300:522.7	
312 45	72964 610 110	 1	288:382.3	
313 90	147900 187 112	 6	283:687.1	270:160.0	284:628.3	286:423.3	285:80.4	292:282.2	
314 32	53244 343 110	 2	302:692.9	303:606.4	
315 28	45356 420 109	 2	278:679.7	271:262.1	
316 47	76908 433 110	 4	278:561.2	256:139.7	305:425.9	315:423.7	
317 34	55216 488 110	 2	308:605.5	280:19.9	
318 28	47328 122 112	 2	289:366.1	301:243.4	
319 48	78880 131 112	 4	268:322.0	301:342.4	318:306.2	290:141.9	
320 52	86768 155 112	 3	269:362.6	291:325.5	276:323.5	
321 180	297772 467 113	 5	264:1084.6	272:362.5	306:605.7	279:202.3	307:446.7	
322 43	70992 558 113	 4	297:529.2	266:60.1	298:647.0	310:60.8	
323 34	57188 161 111	 3	276:364.7	292:344.7	320:266.0	
324 23	37468 495 109	 3	309:870.0	296:343.4	308:424.2	
325 37	61132 546 111	 3	281:200.9	309:568.5	297:631.1	
326 29	47328 136 111	 2	319:465.4	290:991.5	
327 36	61132 334 113	 1	302:1126.5	
328 51	84796 485 113	 5	280:120.4	295:465.9	317:648.6	308:20.3	294:689.7	
329 38	63104 575 113	 4	299:262.8	300:303.7	310:20.3	311:384.4	
330 25	41412 467 112	 4	279:323.9	307:325.0	328:366.6	294:60.8	
331 42	70992 147 114	 3	291:489.9	320:450.8	290:61.2	
332 88	147900 358 116	 4	293:570.7	303:101.3	304:326.4	314:470.3	
333 64	110432 136 120	 2	319:554.0	326:143.4	
334 35	59160 140 115	 4	290:122.5	326:754.0	331:431.7	333:681.9	
335 33	55216 163 115	 2	292:202.5	323:512.0	
336 25	41412 445 114	 2	321:752.7	306:20.2	
337 35	59160 493 115	 2	308:346.6	317:407.1	
338 26	43384 520 115	 1	309:1261.9	
339 32	55216 539 116	 2	325:328.7	309:841.6	
340 55	92684 568 115	 4	310:794.4	322:469.7	329:184.1	299:20.3	
341 36	61132 530 117	 2	309:879.1	338:656.5	
342 201	341156 390 118	 1	304:593.1	
343 258	439756 444 119	 7	315:652.3	316:878.7	305:491.7	287:407.3	306:386.5	336:61.5	321:20.5	
344 25	43384 458 115	 2	321:555.7	307:205.5	
345 28	47328 466 116	 3	330:490.9	307:224.5	344:124.2	
346 46	78880 490 117	 3	328:369.8	317:347.3	337:206.3	
347 41	70992 555 118	 1	322:472.9	
348 70	120292 590 118	 2	311:326.5	329:452.1	
349 27	47328 146 117	 1	331:643.1	
350 184	311576 185 118	 3	292:487.5	313:2062.6	335:512.8	
351 176	303688 348 122	 4	314:514.6	302:267.3	327:703.4	332:639.6	
352 27	47328 487 118	 2	337:518.6	346:520.5	
353 132	230724 580 123	 3	340:828.6	329:804.9	348:62.4	
354 29	49300 494 118	 2	337:535.2	352:332.4	
355 24	41412 523 118	 3	341:1137.8	309:554.2	339:186.9	
356 30	51272 142 120	 4	334:309.2	331:144.3	333:207.2	349:416.0	
357 267	465392 417 124	 1	342:331.8	
358 42	72964 578 121	 2	348:769.0	353:960.1	
359 42	72964 131 123	 1	318:186.3	
360 43	74936 485 121	 2	328:165.0	346:706.8	
361 51	88740 548 121	 3	325:205.9	339:1061.5	297:20.6	
362 50	86768 563 122	 4	340:579.0	322:123.4	347:499.6	353:667.7	
363 44	76908 148 123	 2	349:543.9	356:478.1	
364 121	209032 160 122	 6	323:392.2	320:679.9	335:453.6	349:354.6	363:375.2	331:124.0	
365 31	55216 529 122	 2	355:942.1	341:41.7	
366 65	114376 557 123	 6	297:268.9	347:1316.1	322:82.6	361:983.0	325:20.6	362:480.7	
367 137	242556 431 126	 4	315:123.5	271:206.2	343:1229.6	357:482.0	
368 233	406232 477 124	 8	328:330.1	330:391.7	360:605.4	345:932.3	344:729.9	321:638.8	336:927.6	343:311.4	
369 79	138040 510 123	 5	308:575.7	337:165.8	354:954.9	296:20.6	324:20.5	
370 27	47328 138 124	 3	333:417.0	356:270.4	363:146.4	
371 26	45356 521 123	 2	355:374.9	365:587.8	
372 33	59160 578 124	 2	348:670.4	358:441.1	
373 132	234668 403 128	 2	342:437.7	357:1174.8	
374 139	246500 446 128	 2	343:1542.8	367:778.7	
375 55	98600 487 127	 3	360:861.9	368:399.5	346:83.8	
376 30	53244 533 123	 4	355:251.0	365:590.3	339:146.4	361:62.9	
377 36	63104 546 125	 2	366:817.2	361:459.7	
378 29	51272 569 125	 3	358:334.9	353:566.0	372:316.5	
379 37	67048 151 127	 2	363:590.6	364:399.6	
380 118	211004 394 129	 2	342:897.5	373:1224.5	
381 37	65076 489 125	 4	346:83.3	375:906.0	352:440.0	354:20.8	
382 76	136068 520 127	 1	369:546.7	
383 21	37468 142 125	 3	363:504.3	370:147.2	379:318.0	
384 506	905148 380 130	 4	304:621.8	342:2024.7	332:395.6	380:972.7	
385 137	244528 334 128	 2	351:816.9	327:20.9	
386 27	49300 496 126	 1	369:655.1	
387 49	88740 532 131	 1	371:590.3	
388 43	78880 491 131	 2	381:847.7	375:106.5	
389 291	526524 525 133	 8	369:1475.9	308:435.6	309:1641.3	382:2715.2	355:126.1	371:316.1	387:616.9	386:746.1	
390 135	244528 562 132	 6	361:295.0	376:465.8	377:1034.2	366:422.5	362:505.3	353:126.6	
391 72	132124 572 133	 4	390:683.2	353:656.0	362:21.1	378:191.0	
392 26	47328 151 129	 2	379:639.3	364:231.6	
393 327	587656 361 131	 3	332:917.3	384:1863.1	351:1091.1	
394 111	201144 505 132	 7	354:314.2	381:253.5	352:21.1	388:1110.2	369:274.2	386:810.3	389:680.8	
395 32	59160 569 130	 3	378:744.1	391:536.5	372:85.3	
396 68	124236 325 135	 1	385:849.9	
397 47	86768 157 134	 2	364:295.9	392:834.9	
398 168	307632 344 135	 4	351:737.9	385:1126.8	393:958.3	396:128.3	
399 136	250444 443 138	 2	374:999.0	367:488.7	
400 41	74936 196 133	 0	
401 275	506804 416 138	 2	373:936.0	357:1735.9	
402 346	634984 462 137	 2	374:892.0	399:1093.3	
403 54	100572 539 140	 1	387:278.6	
404 160	293828 552 136	 6	376:552.4	365:63.8	371:63.5	387:555.2	403:1010.6	390:1729.6	
405 31	57188 209 138	 0	
406 38	70992 330 139	 2	396:86.0	398:881.7	
407 94	175508 366 141	 2	393:1027.2	384:748.2	
408 48	90712 324 140	 2	396:840.6	406:433.5	
409 25	47328 486 138	 1	394:236.7	
410 192	356932 158 141	 5	370:148.7	383:640.2	379:171.4	392:214.5	397:1484.9	
411 70	130152 177 140	 1	410:539.0	
412 57	106488 344 142	 3	393:235.4	398:860.1	406:216.1	
413 178	333268 393 142	 4	380:748.6	373:448.5	384:1155.1	401:431.0	
414 34	63104 542 139	 1	404:1052.7	
415 49	92684 353 141	 3	393:687.1	407:498.5	412:476.9	
416 34	63104 506 140	 2	389:1070.2	394:214.1	
417 71	134096 332 145	 3	408:912.8	406:628.4	412:585.1	
418 51	96628 175 146	 1	411:1624.6	
419 57	108460 403 144	 2	413:347.6	401:865.5	
420 40	76908 435 144	 1	399:1127.9	
421 34	65076 497 144	 1	409:305.4	
422 79	147900 507 142	 4	394:1030.0	409:455.6	421:1000.7	416:777.1	
423 58	110432 349 146	 3	412:738.3	417:348.4	415:522.8	
424 131	246500 423 144	 2	401:1920.3	419:391.5	
425 48	90712 590 146	 0	
426 36	69020 328 145	 1	417:1286.9	
427 222	422008 387 149	 6	407:1389.0	384:536.8	413:1954.6	423:479.8	415:370.1	419:1221.1	
428 44	84796 442 147	 3	402:433.7	399:347.2	420:307.1	
429 38	72964 448 144	 2	402:974.9	428:394.7	
430 52	98600 546 148	 3	404:86.4	403:303.5	414:563.1	
431 23	43384 175 144	 1	418:891.3	
432 24	45356 419 144	 0	
433 22	41412 182 145	 0	
434 29	55216 318 146	 2	417:566.1	426:240.4	
435 79	151844 419 149	 4	424:2224.1	432:523.9	419:87.5	427:327.9	
436 21	39440 485 143	 2	409:347.4	421:479.0	
437 78	147900 556 147	 3	404:216.0	414:498.1	430:566.1	
438 61	116348 349 150	 2	417:174.3	423:1768.0	
439 81	155788 371 150	 3	427:2033.3	423:65.6	438:175.1	
440 40	76908 182 150	 3	431:676.4	433:588.8	418:65.5	
441 24	45356 323 146	 2	426:654.4	434:304.9	
442 23	43384 329 146	 4	417:195.5	426:305.3	438:392.0	441:239.0	
443 45	86768 390 150	 1	427:1837.7	
444 38	72964 416 149	 2	432:218.2	435:1183.4	
445 45	86768 425 151	 2	432:655.4	444:570.2	
446 38	72964 502 150	 3	422:239.5	421:437.8	436:130.7	
447 31	59160 400 150	 2	427:763.7	435:678.3	
448 25	49300 427 148	 3	432:87.9	420:220.6	428:220.8	
449 30	57188 353 150	 2	439:547.0	438:589.5	
450 121	234668 395 155	 4	427:175.3	443:1671.0	447:745.7	439:681.2	
451 24	47328 542 149	 1	437:659.6	
452 56	108460 349 154	 2	438:1052.2	449:263.0	
453 26	51272 424 151	 3	448:599.5	432:197.7	445:463.7	
454 31	61132 495 152	 2	436:241.3	446:507.3	
455 79	153816 415 156	 5	435:307.9	444:791.5	447:702.5	445:286.1	450:220.4	
456 26	51272 416 152	 2	445:883.2	455:66.4	
457 25	49300 319 151	 0	
458 47	90712 344 156	 3	442:218.4	438:87.6	452:1143.2	
459 38	72964 361 153	 2	439:526.0	449:481.1	
460 190	360876 568 148	 5	404:842.7	390:559.9	437:1154.4	391:129.6	451:593.9	
461 160	311576 340 159	 5	434:548.5	457:1217.4	441:854.1	442:394.0	458:1100.8	
462 93	181424 383 158	 3	439:396.1	459:154.0	450:2161.1	
463 22	43384 417 153	 3	445:353.3	456:577.3	453:155.4	
464 27	53244 497 153	 2	446:551.4	454:599.5	
465 23	45356 580 152	 0	
466 35	69020 217 156	 0	
467 26	51272 385 155	 2	462:487.2	450:353.8	
468 65	128180 229 160	 1	466:310.9	
469 96	187340 362 160	 3	449:483.1	452:485.0	459:879.9	
470 24	47328 424 155	 2	453:510.7	463:155.4	
471 71	138040 211 158	 1	466:464.6	
472 77	149872 372 160	 3	462:1280.1	459:329.8	469:750.5	
473 27	53244 378 157	 2	462:863.6	467:177.6	
474 45	88740 401 159	 3	450:840.2	467:222.0	455:88.5	
475 28	55216 416 157	 2	456:222.0	463:288.6	
476 102	199172 450 160	 3	470:287.9	448:88.6	453:155.0	
477 44	86768 189 157	 2	433:219.5	440:397.2	
478 25	49300 210 158	 2	471:862.9	466:288.6	
479 103	201144 335 163	 2	457:1063.2	461:1479.4	
480 72	141984 416 161	 4	455:1549.3	456:155.4	475:399.7	474:510.7	
481 21	41412 417 156	 3	470:466.3	463:377.5	475:133.2	
482 35	69020 591 160	 0	
483 102	201144 204 166	 2	477:66.6	471:862.9	
484 74	145928 352 164	 4	452:176.8	458:530.0	469:797.2	461:575.5	
485 64	126208 439 163	 2	476:642.3	470:1021.4	
486 23	45356 498 158	 0	
487 24	47328 219 159	 2	466:288.6	468:621.7	
488 23	45356 361 159	 1	472:1018.0	
489 21	41412 224 160	 2	468:732.7	487:66.6	
490 56	110432 384 165	 3	462:221.4	472:154.9	473:732.7	
491 162	317492 403 167	 4	467:709.4	474:975.4	473:221.7	490:576.4	
492 69	136068 421 168	 2	480:954.8	475:88.8	
493 24	47328 415 160	 3	475:643.9	481:377.5	492:577.3	
494 56	110432 218 165	 3	466:199.8	478:865.9	487:222.0	
495 67	132124 554 167	 1	430:66.0	
496 74	145928 372 169	 3	469:310.0	472:88.5	488:910.3	
497 38	74936 441 165	 2	476:708.8	485:488.5	
498 68	134096 231 169	 3	487:621.7	494:444.1	489:865.9	
499 36	70992 425 165	 5	481:288.6	470:88.8	485:133.2	493:532.9	492:66.6	
500 26	51272 532 165	 0	
501 89	175508 241 168	 2	489:399.7	498:710.5	
502 42	82824 203 169	 1	483:1398.8	
503 94	185368 382 170	 4	472:265.6	488:288.6	496:732.7	490:1199.0	
504 73	143956 401 171	 1	491:1463.2	
505 87	171564 436 174	 2	499:555.1	485:555.1	
506 48	94656 439 171	 3	485:222.0	505:932.6	497:532.9	
507 76	149872 251 173	 1	501:599.5	
508 55	108460 405 174	 2	491:399.0	504:821.5	
509 126	248472 421 174	 4	480:555.1	474:333.1	491:1064.1	492:2064.9	
510 55	108460 233 174	 2	498:888.1	501:155.4	
511 72	141984 427 172	 4	492:1598.7	499:732.7	509:44.4	505:843.7	
512 138	272136 586 174	 0	
513 129	254388 560 182	 1	500:288.6	
514 582	1147704 219 182	 6	471:66.4	483:599.5	478:66.6	494:1332.2	502:1265.6	498:355.3	
515 190	374680 385 180	 4	490:88.8	503:1376.6	491:221.7	496:666.1	
516 107	211004 247 179	 3	501:666.1	510:177.6	507:954.8	
517 134	264248 237 182	 4	498:333.1	514:1709.7	510:1398.8	516:1221.2	
518 73	143956 411 179	 3	491:243.9	508:999.2	509:555.1	
519 111	218892 579 181	 1	512:1243.4	
520 50	98600 428 180	 4	511:244.2	492:333.1	505:777.1	509:288.6	
521 37	72964 584 178	 0	
522 28	55216 581 179	 1	521:244.2	
523 136	268192 398 180	 4	504:1043.6	491:288.2	515:888.1	508:222.0	
524 101	199172 257 184	 2	507:355.3	516:843.7	
525 72	141984 417 183	 2	509:999.2	518:977.0	
526 31	61132 605 178	 0	
527 41	80852 195 181	 2	483:288.6	514:355.3	
528 80	157760 403 185	 3	523:1043.6	508:399.7	518:710.5	
529 136	268192 634 188	 1	526:133.2	
530 20	39440 615 180	 1	529:1154.6	
531 21	41412 195 181	 2	527:333.1	514:22.2	
532 26	51272 411 182	 1	525:777.1	
533 121	238612 275 193	 0	
534 74	145928 385 188	 1	515:1176.8	
535 30	59160 193 187	 1	527:643.9	
536 64	126208 267 190	 1	533:1287.8	
537 90	177480 395 191	 4	515:155.4	534:910.3	523:865.9	528:444.1	
538 48	94656 423 187	 4	509:88.8	525:133.2	520:377.5	532:688.3	
539 63	124236 251 190	 2	516:66.6	524:821.5	
540 24	47328 551 186	 0	
541 97	191284 227 194	 1	514:1354.4	
542 32	63104 277 189	 1	533:555.1	
543 171	335240 412 197	 3	528:243.9	518:332.6	525:199.5	
544 26	51272 562 188	 1	540:155.4	
545 58	114376 634 192	 2	529:1909.5	530:22.2	
546 34	67048 198 189	 3	527:555.1	531:799.3	535:577.3	
547 164	321436 242 193	 5	517:1064.1	514:554.2	541:687.3	516:155.2	539:665.1	
548 43	84796 399 191	 3	528:577.3	543:1042.0	537:444.1	
549 302	587656 261 199	 4	524:1106.5	536:1748.3	533:66.4	539:1018.0	
550 20	39440 268 188	 2	533:244.2	542:510.7	
551 24	47328 628 190	 1	545:244.2	
552 27	53244 268 192	 2	533:1199.0	550:510.7	
553 154	301716 211 195	 5	514:2105.9	531:1064.0	527:22.2	546:642.9	541:554.2	
554 52	102544 247 197	 3	539:488.5	547:620.8	549:730.3	
555 20	39440 226 192	 2	541:288.6	547:465.6	
556 216	420036 391 200	 2	534:1615.2	537:685.9	
557 48	94656 224 198	 1	541:1110.2	
558 42	82824 395 197	 4	537:222.0	556:663.8	548:510.7	543:487.8	
559 156	303688 432 199	 2	520:154.9	538:1040.2	
560 54	106488 217 199	 3	541:177.6	553:953.2	557:421.9	
561 52	102544 242 201	 4	547:532.1	555:155.4	554:643.9	549:840.9	
562 237	459476 423 203	 5	543:1854.5	525:331.6	532:486.4	538:375.9	559:1917.3	
563 41	80852 207 200	 3	546:155.4	553:953.2	560:355.3	
564 92	177480 232 206	 4	555:640.4	541:44.2	557:662.5	561:242.9	
565 53	104516 267 201	 2	536:266.4	533:999.2	
566 74	143956 616 204	 0	
567 48	92684 222 205	 3	560:441.7	557:375.5	564:746.8	
568 49	94656 399 204	 4	558:463.9	556:220.1	543:485.3	562:154.0	
569 25	49300 439 200	 0	
570 26	51272 200 199	 2	535:133.2	563:155.4	
571 49	94656 391 206	 2	556:1188.7	568:527.4	
572 46	88740 631 204	 0	
573 35	69020 211 204	 3	570:621.7	563:621.7	560:22.2	
574 24	47328 214 202	 4	573:843.7	560:244.2	563:22.2	567:839.3	
575 36	70992 206 202	 5	535:199.8	546:377.5	570:754.9	563:977.0	573:1820.7	
576 20	39440 580 200	 0	
577 49	94656 269 208	 1	565:706.9	
578 25	49300 375 204	 2	556:331.9	571:331.3	
579 33	65076 596 206	 2	576:643.9	566:22.1	
580 39	74936 390 208	 2	571:1031.5	578:132.4	
581 128	244528 414 211	 4	562:1798.6	568:788.9	580:284.5	571:175.3	
582 32	63104 439 206	 1	569:488.5	
583 57	110432 380 210	 2	556:594.8	578:663.2	
584 42	80852 608 207	 2	566:659.9	579:242.8	
585 80	151844 629 212	 2	566:526.0	584:218.6	
586 60	114376 637 212	 2	572:941.5	585:828.7	
587 28	55216 418 206	 1	562:1039.1	
588 24	47328 581 206	 2	576:222.0	579:88.8	
589 27	53244 437 208	 2	582:710.5	569:66.6	
590 22	43384 602 205	 2	585:901.7	584:154.5	
591 55	104516 387 213	 3	578:484.0	580:655.7	583:481.8	
592 22	43384 394 207	 1	581:749.0	
593 39	74936 417 212	 3	587:308.8	562:43.9	581:787.9	
594 25	49300 431 209	 2	582:333.1	589:333.1	
595 37	70992 408 212	 3	581:897.0	592:330.8	593:175.3	
596 163	305660 619 218	 3	584:1024.4	579:504.3	590:614.0	
597 32	61132 217 212	 2	573:154.2	574:154.2	
598 55	104516 239 216	 0	
599 132	252416 277 209	 6	542:1101.7	550:286.4	552:154.2	533:132.2	565:374.6	577:1227.5	
600 102	191284 399 218	 4	580:522.8	591:738.6	581:174.0	592:504.3	
601 21	41412 434 210	 1	589:643.9	
602 85	159732 600 217	 3	579:241.3	588:724.0	596:433.3	
603 29	55216 618 213	 1	585:719.4	
604 37	69020 440 219	 3	589:153.3	594:219.0	601:722.7	
605 26	49300 621 214	 3	585:326.7	603:370.5	586:87.2	
606 24	47328 213 211	 3	575:377.5	597:991.3	573:66.6	
607 24	47328 624 213	 2	605:417.8	586:440.3	
608 80	147900 591 221	 1	602:863.5	
609 56	104516 605 221	 2	602:562.6	596:1038.1	
610 70	130152 623 220	 4	590:175.1	596:993.9	585:173.4	603:477.2	
611 652	1216724 256 218	 8	549:3143.2	565:963.7	536:153.3	577:653.6	599:934.5	598:2126.4	561:503.7	564:1154.3	
612 88	161704 216 225	 4	573:152.7	570:65.5	575:261.8	606:1156.4	
613 323	585684 233 227	 6	567:237.9	574:348.0	597:862.9	564:627.2	611:1050.8	598:1249.5	
614 70	130152 388 222	 3	583:239.6	591:390.2	600:626.6	
615 98	179452 420 225	 2	595:303.1	593:476.4	
616 46	86768 643 220	 2	586:130.6	607:439.2	
617 124	224808 403 228	 2	600:1030.6	614:321.4	
618 97	179452 411 222	 5	592:306.0	600:345.3	595:607.7	617:791.7	615:1330.0	
619 54	98600 221 225	 4	597:64.8	606:435.7	613:981.1	612:770.4	
620 44	82824 438 221	 2	594:219.5	604:887.4	
621 92	167620 632 226	 3	610:622.1	603:388.4	605:86.2	
622 26	49300 626 221	 1	607:153.9	
623 48	88740 405 227	 3	618:924.6	615:235.9	617:684.6	
624 108	193256 248 231	 1	611:1966.5	
625 295	518636 594 234	 1	608:1252.7	
626 73	132124 613 228	 3	596:558.0	610:214.2	609:450.2	
627 39	72964 639 224	 3	607:241.1	622:542.5	616:671.8	
628 47	84796 407 232	 2	623:1004.3	615:85.3	
629 250	439756 608 234	 5	609:702.4	602:277.2	608:488.4	626:570.3	625:1761.3	
630 127	224808 627 234	 3	621:911.1	610:447.3	626:571.2	
631 72	128180 653 232	 2	616:535.2	627:384.5	
632 281	493000 396 235	 3	583:1073.8	614:1657.6	617:1393.7	
633 28	51272 222 229	 1	613:1323.3	
634 128	228752 643 232	 4	605:579.3	621:828.3	622:879.6	607:151.7	
635 45	80852 641 232	 4	622:150.4	634:783.1	627:492.4	631:592.1	
636 45	78880 215 235	 2	619:423.0	612:1101.5	
637 51	90712 411 233	 2	615:785.9	628:1248.6	
638 26	47328 217 228	 4	619:448.3	613:255.7	633:491.4	636:169.1	
639 93	161704 617 237	 3	626:737.1	629:710.9	630:858.7	
640 23	41412 213 229	 2	638:425.5	636:695.5	
641 95	165648 253 236	 2	611:297.3	624:1281.9	
642 27	49300 395 233	 4	617:213.3	623:64.3	628:404.7	632:655.8	
643 58	102544 234 235	 2	613:1100.2	611:213.1	
644 111	193256 637 238	 3	634:1323.0	621:485.4	630:628.5	
645 46	80852 240 236	 4	611:127.7	643:545.8	624:442.2	641:627.6	
646 28	49300 216 235	 4	638:253.9	640:485.3	613:232.5	633:21.2	
647 32	57188 638 236	 2	631:380.1	635:254.0	
648 34	59160 400 238	 4	642:527.8	628:189.4	637:146.8	632:355.3	
649 44	76908 584 240	 1	625:1130.5	
650 44	76908 617 240	 3	630:629.1	644:208.8	639:271.4	
651 26	47328 637 234	 2	631:424.3	647:530.9	
652 41	70992 236 240	 2	645:459.4	643:481.0	
653 83	138040 643 246	 3	635:83.2	634:581.4	647:394.5	
654 52	86768 235 245	 3	643:269.4	613:375.4	652:783.4	
655 34	59160 575 240	 2	625:376.4	649:605.5	
656 53	88740 644 247	 3	647:353.6	653:612.8	651:313.4	
657 44	74936 243 241	 4	641:332.1	645:561.6	652:352.2	654:20.5	
658 26	45356 385 238	 2	632:1296.6	648:41.7	
659 65	110432 633 244	 4	650:207.6	644:1078.3	653:963.5	634:83.5	
660 26	45356 208 239	 2	636:606.3	612:42.3	
661 27	47328 212 240	 4	636:795.5	640:84.3	646:230.5	660:146.4	
662 37	63104 227 243	 2	613:377.5	654:575.0	
663 54	90712 222 245	 4	613:292.5	646:622.1	662:246.9	661:580.0	
664 37	63104 620 244	 3	650:207.8	659:845.8	653:266.8	
665 60	98600 233 250	 3	662:982.0	663:224.2	654:610.4	
666 35	59160 690 248	 0	
667 41	67048 632 249	 3	653:1055.9	656:406.8	664:20.4	
668 30	49300 206 250	 1	660:246.9	
669 36	59160 211 250	 3	661:350.2	660:288.1	668:527.0	
670 62	98600 220 253	 3	663:424.5	661:306.5	669:462.4	
671 25	41412 220 249	 1	670:644.6	
672 31	51272 225 249	 4	663:204.1	665:710.6	671:834.0	670:60.4	
673 43	67048 691 256	 1	666:403.0	
674 37	57188 209 257	 2	669:359.3	668:439.2	
675 35	55216 634 256	 0	
676 34	53244 214 255	 3	670:536.3	669:240.3	674:414.2	
677 54	82824 222 261	 2	670:494.0	676:334.6	
678 50	72964 218 266	 2	676:330.5	677:444.8	
679 81	114376 211 269	 3	674:365.2	676:77.1	678:511.5	
680 57	84796 686 265	 1	673:995.2	
681 47	65076 216 272	 2	678:697.5	679:373.9	
682 39	53244 212 275	 1	681:537.7	
683 76	98600 210 278	 3	679:754.4	682:784.4	681:128.2	
684 40	51272 216 282	 2	682:291.0	683:197.5	
